$ 13 0.0000049999999999999996 10.20027730826997 57 5 50 5e-11
w 336 112 336 160 0
w 192 80 192 112 0
w 192 112 192 144 0
w 192 176 192 224 0
a 192 160 336 160 8 15 -15 1000000 0.00006085964872178861 0 100000
c 192 112 336 112 0 0.000001 6.086025731827583 0.001
O 336 160 400 160 0 0
w 96 224 128 224 0
w 128 224 192 224 0
w 96 80 128 80 0
r 128 80 192 80 0 1000
w 208 80 208 48 0
s 208 48 240 48 0 0 false
r 240 48 320 48 0 1000
s 80 112 96 80 0 0 false
w 320 48 336 112 0
w 208 80 192 112 0
w 80 176 96 224 0
T -64 112 48 176 2 5 2 0.01380487850587766 -0.005228215744913158 0.9
w 48 112 80 112 0
w 48 176 80 176 0
R -224 112 -224 144 0 1 40 20 0 0 0.5
r -160 112 -112 112 0 1000
w -224 112 -160 112 0
w -112 112 -64 112 0
g -64 176 -64 224 0 0
g 96 224 96 256 0 0
p -224 112 -64 176 1 0 0
p 336 160 336 240 1 0 0
o 6 32 0 4290 20 0.1 0 2 27 0
